[{"id": 0, "img_name": "IMG_7374", "width": 2390, "height": 1593, "position": [-0.9307579444595662, -0.47149894549864296, -3.639108375937133], "rotation": [[0.03362901309020473, -0.9952585284056892, -0.09126637449970783], [0.9962109403129291, 0.02605218142407005, 0.08297617877365013], [-0.08020506143260689, -0.09371096776146014, 0.9923635435876322]], "fy": 2299.622347394985, "fx": 2299.622347394985}, {"id": 1, "img_name": "IMG_7375", "width": 2390, "height": 1593, "position": [-0.9709374990904331, -0.4551089191891894, -3.650158748988521], "rotation": [[0.02989774806303547, -0.9952061408909536, -0.09311746234565405], [0.9972199590607354, 0.023337014156020613, 0.07076536597225168], [-0.06825304324104736, -0.09497431707159955, 0.9931371512460497]], "fy": 2299.622347394985, "fx": 2299.622347394985}, {"id": 2, "img_name": "IMG_7376", "width": 2390, "height": 1593, "position": [-0.9772939180159455, -0.2151461901358885, -3.741445342034179], "rotation": [[0.011089004743829152, -0.9964846197281636, -0.08303876576038532], [0.9993313550080141, 0.008150504668492174, 0.03564284179881179], [-0.034840735807924225, -0.08337848594730951, 0.9959087062625251]], "fy": 2299.622347394985, "fx": 2299.622347394985}, {"id": 3, "img_name": "IMG_7377", "width": 2390, "height": 1593, "position": [-0.9840947430818096, 0.09970016793874044, -3.750122097126558], "rotation": [[0.0030043157853000707, -0.9966761252744927, -0.08141053613928567], [0.9994380010728264, 0.005710708630297834, -0.03303134599880473], [0.033386465794017606, -0.08126554691112085, 0.9961331511334321]], "fy": 2299.622347394985, "fx": 2299.622347394985}, {"id": 4, "img_name": "IMG_7378", "width": 2390, "height": 1593, "position": [-0.9854512630835716, 0.326475219721481, -3.7519503079576757], "rotation": [[0.007444495993890251, -0.9970246894877873, -0.07672253926440453], [0.9964058956336305, 0.013870234453421327, -0.08356379444920771], [0.08437932582060172, -0.075824700118024, 0.9935445356027439]], "fy": 2299.622347394985, "fx": 2299.622347394985}, {"id": 5, "img_name": "IMG_7379", "width": 2390, "height": 1593, "position": [-1.0257368998808716, 0.8392758095789601, -3.8632211347315875], "rotation": [[-0.005085314654153609, -0.9984365022402975, -0.05566588334903972], [0.9907151330480587, 0.0025325549632343306, -0.13593053856630435], [0.13585898838293917, -0.05584028258809984, 0.9891532733181676]], "fy": 2299.622347394985, "fx": 2299.622347394985}, {"id": 6, "img_name": "IMG_7380", "width": 2390, "height": 1593, "position": [-0.9687358976593399, 0.5907661496531378, -2.9773600136058835], "rotation": [[0.9999783750238144, -0.0036681026198052504, 0.00545843456519683], [0.003679396749836911, 0.9999911081217848, -0.00206051375206668], [-0.00545082785356933, 0.002080552939904244, 0.9999829797427429]], "fy": 2299.622347394985, "fx": 2299.622347394985}, {"id": 7, "img_name": "IMG_7381", "width": 2390, "height": 1593, "position": [-0.9808013813638103, 0.6815462820439837, -2.9633434978953765], "rotation": [[0.999998931954736, -0.000540230749785166, -0.0013580280278050268], [0.0005318523089049481, 0.9999808709650206, -0.00616237268915144], [0.0013613311532576962, 0.006161643837116328, 0.9999800902631589]], "fy": 2299.622347394985, "fx": 2299.622347394985}, {"id": 8, "img_name": "IMG_7382", "width": 2390, "height": 1593, "position": [-0.9701871239677091, 0.8039039631276016, -2.9845067506491927], "rotation": [[0.9998737902233655, 0.014786214786383995, -0.005811323141257499], [-0.01498009702308887, 0.999279560340931, -0.03487057467284568], [0.005291532626757534, 0.03495322784989366, 0.9993749404229292]], "fy": 2299.622347394985, "fx": 2299.622347394985}, {"id": 9, "img_name": "IMG_7383", "width": 2390, "height": 1593, "position": [-0.9464830342655272, 1.022039955227698, -2.973360300863011], "rotation": [[0.9996204724412749, 0.02754759473805074, 0.00020273241070040552], [-0.027490141825708473, 0.99795975762984, -0.05762477118213462], [-0.0017897426308446395, 0.05759732785068295, 0.998338291685627]], "fy": 2299.622347394985, "fx": 2299.622347394985}, {"id": 10, "img_name": "IMG_7384", "width": 2390, "height": 1593, "position": [-0.9265075320507101, 1.2530303182997935, -2.9013776459034704], "rotation": [[0.99908030794168, 0.04287092672099482, -0.0007886223689667405], [-0.04275565640145543, 0.9946675500369667, -0.0938531765532684], [-0.0032391555749032622, 0.0938005785991823, 0.9955857368030242]], "fy": 2299.622347394985, "fx": 2299.622347394985}, {"id": 11, "img_name": "IMG_7385", "width": 2390, "height": 1593, "position": [-0.8854554803144408, 1.4268905153241613, -2.8083969718460517], "rotation": [[0.9980976706520662, 0.061591126536627024, -0.002751903135756174], [-0.06118102573019723, 0.9839665782540621, -0.16753105673156055], [-0.0076106458017917615, 0.16738072174220542, 0.9858629580522529]], "fy": 2299.622347394985, "fx": 2299.622347394985}, {"id": 12, "img_name": "IMG_7386", "width": 2390, "height": 1593, "position": [-0.8608642819864099, 1.5985305735231665, -2.71420278498162], "rotation": [[0.9961136656987094, 0.08745240280503203, -0.010471019621135095], [-0.0874633546691774, 0.96814840791596, -0.2346035418313323], [-0.010379142464262135, 0.23460762454238018, 0.9720347400727446]], "fy": 2299.622347394985, "fx": 2299.622347394985}, {"id": 13, "img_name": "IMG_7387", "width": 2390, "height": 1593, "position": [-0.8599649818290156, 1.8206803148376804, -2.6390519821021274], "rotation": [[0.9937077515566053, 0.11006607422977174, -0.02074521149477023], [-0.11154145237331863, 0.9556646595151055, -0.2725134179381416], [-0.010169016607669855, 0.2731126468282344, 0.9619283098254822]], "fy": 2299.622347394985, "fx": 2299.622347394985}, {"id": 14, "img_name": "IMG_7388", "width": 2390, "height": 1593, "position": [-0.7983079673583895, 1.9678345045456083, -2.5945732368553687], "rotation": [[0.9890805752367289, 0.14402304483432013, -0.03125665122870355], [-0.14630107746649335, 0.9339648977882085, -0.3260453410671656], [-0.017765427704519807, 0.32705799524872137, 0.94483726499454]], "fy": 2299.622347394985, "fx": 2299.622347394985}, {"id": 15, "img_name": "IMG_7389", "width": 2390, "height": 1593, "position": [-0.7211120057742227, 2.155598649878091, -2.5757800304213085], "rotation": [[0.9863857231955978, 0.16281387390311175, -0.0231267710794053], [-0.15978356113074077, 0.9156240624625219, -0.36891976069601695], [-0.038889827310961626, 0.36759246279581037, 0.9291734836011165]], "fy": 2299.622347394985, "fx": 2299.622347394985}, {"id": 16, "img_name": "IMG_7390", "width": 2390, "height": 1593, "position": [-0.6966022938805914, 2.3655099172537737, -2.518300397088801], "rotation": [[0.9817692651391065, 0.18635594023578986, -0.03742423769502296], [-0.18554056854209044, 0.8968242684202549, -0.40159796936432895], [-0.04127720258564875, 0.4012202576033636, 0.9150510900684145]], "fy": 2299.622347394985, "fx": 2299.622347394985}, {"id": 17, "img_name": "IMG_7391", "width": 2390, "height": 1593, "position": [-0.656771807676999, 2.5476641146055403, -2.471133148288354], "rotation": [[0.9778172325797748, 0.20392560435772458, -0.04783103132243033], [-0.20384192422280867, 0.873915030528413, -0.4412720128737665], [-0.048186404713085294, 0.44123334790545876, 0.89609776425174]], "fy": 2299.622347394985, "fx": 2299.622347394985}, {"id": 18, "img_name": "IMG_7392", "width": 2390, "height": 1593, "position": [-0.6120853692347824, 2.759283170043496, -2.4045116162676545], "rotation": [[0.9722457960324308, 0.2295077446307229, -0.04543464814196298], [-0.22330190593137553, 0.8523317392375321, -0.47293431372204175], [-0.06981669502833997, 0.46995404184115963, 0.8799254671007525]], "fy": 2299.622347394985, "fx": 2299.622347394985}, {"id": 19, "img_name": "IMG_7393", "width": 2390, "height": 1593, "position": [-0.5546072849945779, 2.941409522040097, -2.367060190661827], "rotation": [[0.965661889933461, 0.25663071581714114, -0.04046961859615173], [-0.24258264561380238, 0.834886170211897, -0.49408374071195643], [-0.09300953917284283, 0.4869350659873379, 0.8684719149948155]], "fy": 2299.622347394985, "fx": 2299.622347394985}, {"id": 20, "img_name": "IMG_7394", "width": 2390, "height": 1593, "position": [-0.4948744346901739, 3.1477441459293853, -2.3349065690711472], "rotation": [[0.9603055513033222, 0.2751111237328642, -0.046120686621763454], [-0.2584529315634664, 0.8152894866563369, -0.5181748113464189], [-0.1049539437194829, 0.5095261745446324, 0.8540302963897944]], "fy": 2299.622347394985, "fx": 2299.622347394985}, {"id": 21, "img_name": "IMG_7395", "width": 2390, "height": 1593, "position": [-0.42869939428506465, 3.3109929172129564, -2.3309688585777555], "rotation": [[0.9570299219197617, 0.28684338353686295, -0.04259814398983991], [-0.2599024372711682, 0.7832762836234304, -0.5647379804950027], [-0.12862523722334399, 0.5515425068244437, 0.8241701350540719]], "fy": 2299.622347394985, "fx": 2299.622347394985}, {"id": 22, "img_name": "IMG_7396", "width": 2390, "height": 1593, "position": [0.6496987797418181, 3.6144087317751796, 0.5636408041383998], "rotation": [[0.8317230588516006, 0.3301251274769141, -0.44637893496768877], [-0.4621904082394449, -0.03374221177933268, -0.8861385273622255], [-0.30759840686517237, 0.9433339087261677, 0.12451649184512863]], "fy": 2299.622347394985, "fx": 2299.622347394985}, {"id": 23, "img_name": "IMG_7397", "width": 2390, "height": 1593, "position": [0.6695753454119624, 3.602074592789349, 0.6932838699271503], "rotation": [[0.8272801401501731, 0.3250746563336468, -0.4581855928798627], [-0.4648213802085185, -0.06197653123242322, -0.8832326953172894], [-0.31551331860027376, 0.9436553276413785, 0.09982969698383488]], "fy": 2299.622347394985, "fx": 2299.622347394985}, {"id": 24, "img_name": "IMG_7398", "width": 2390, "height": 1593, "position": [0.6825607452569734, 3.5801769947218656, 0.8302444127738542], "rotation": [[0.8158709941392439, 0.3107814605491668, -0.48761604229267136], [-0.4730724275790494, -0.1261588561106999, -0.8719440471092768], [-0.3325011265946427, 0.942071561402724, 0.044092788634050376]], "fy": 2299.622347394985, "fx": 2299.622347394985}, {"id": 25, "img_name": "IMG_7399", "width": 2390, "height": 1593, "position": [0.7417011589086507, 3.5737422636413836, 0.9849371828855283], "rotation": [[0.8050182681790821, 0.3049275135508376, -0.5088858412037567], [-0.47523845491002276, -0.18197722981612768, -0.8608325614213151], [-0.3550971682127099, 0.934828058686811, -0.0015817139951508077]], "fy": 2299.622347394985, "fx": 2299.622347394985}, {"id": 26, "img_name": "IMG_7400", "width": 2390, "height": 1593, "position": [0.7943473930398611, 3.5698058749055397, 1.1582709433532496], "rotation": [[0.8028578089272864, 0.2980547642678952, -0.5163164689816571], [-0.46260830167732525, -0.23482176280229355, -0.8548989992587686], [-0.3760490631070602, 0.9252146222426625, -0.05064587766708585]], "fy": 2299.622347394985, "fx": 2299.622347394985}, {"id": 27, "img_name": "IMG_7401", "width": 2390, "height": 1593, "position": [0.8707930085704694, 3.592833962025411, 1.3331145144023835], "rotation": [[0.7929426759497122, 0.2930168179127222, -0.5342125579561119], [-0.45938786120163283, -0.2884506051188316, -0.8400946621584794], [-0.4002558002556604, 0.9115576738895258, -0.0941164254252064]], "fy": 2299.622347394985, "fx": 2299.622347394985}, {"id": 28, "img_name": "IMG_7402", "width": 2390, "height": 1593, "position": [0.9528335661042342, 3.55324491526362, 1.4912351415427294], "rotation": [[0.7920053122617644, 0.2827434030156515, -0.5410949578403722], [-0.4420186285573537, -0.34579152249518674, -0.827676117197263], [-0.4211260112572264, 0.8946979328363235, -0.14889087151665384]], "fy": 2299.622347394985, "fx": 2299.622347394985}, {"id": 29, "img_name": "IMG_7403", "width": 2390, "height": 1593, "position": [1.045092182804188, 3.506227447180575, 1.6352894832000526], "rotation": [[0.7871076429596937, 0.2712112580065437, -0.5539909854184843], [-0.42980931525588795, -0.4030315605501621, -0.8079786591982276], [-0.4424087599875256, 0.8740766641039039, -0.2006600965695246]], "fy": 2299.622347394985, "fx": 2299.622347394985}, {"id": 30, "img_name": "IMG_7404", "width": 2390, "height": 1593, "position": [1.125274377938929, 3.484296655849347, 1.7714951784647328], "rotation": [[0.7795939870579183, 0.2618566409726362, -0.5689150331303136], [-0.4201686749168644, -0.4549459464224022, -0.7851639767923836], [-0.4644259897569734, 0.8511493907724734, -0.24464916641162487]], "fy": 2299.622347394985, "fx": 2299.622347394985}, {"id": 31, "img_name": "IMG_7405", "width": 2390, "height": 1593, "position": [1.1777714935947687, 3.477765830520899, 1.9106267554156962], "rotation": [[0.7707362250488498, 0.2535315604875287, -0.5845403486793768], [-0.41264444484707175, -0.5004095677574879, -0.7611273393024424], [-0.4854793852825274, 0.8278357399469547, -0.28106539120314467]], "fy": 2299.622347394985, "fx": 2299.622347394985}, {"id": 32, "img_name": "IMG_7406", "width": 2390, "height": 1593, "position": [1.2670860959524266, 3.4640427359847337, 2.063868519253688], "rotation": [[0.7640648945254526, 0.2556658672536103, -0.5923173146846781], [-0.39280386196833983, -0.5439597186180372, -0.7414937292679844], [-0.5117713971848821, 0.799213856763285, -0.3151939850012824]], "fy": 2299.622347394985, "fx": 2299.622347394985}, {"id": 33, "img_name": "IMG_7407", "width": 2390, "height": 1593, "position": [1.3692723769601127, 3.379009260316246, 2.2093007747943685], "rotation": [[0.7558583576590949, 0.26583996393396936, -0.5983370761807107], [-0.3705018329166925, -0.5797990053642017, -0.7256455782157384], [-0.5398208359838169, 0.7701702584197002, -0.3397517300669191]], "fy": 2299.622347394985, "fx": 2299.622347394985}, {"id": 34, "img_name": "IMG_7408", "width": 2390, "height": 1593, "position": [1.4354237111558434, 3.2913193132250127, 2.333562438298072], "rotation": [[0.7483999741435112, 0.2659656240997583, -0.6075851919683506], [-0.3580846202798717, -0.6090609928792975, -0.7076864501118447], [-0.5582767086499414, 0.7471994337190778, -0.36058303180942647]], "fy": 2299.622347394985, "fx": 2299.622347394985}, {"id": 35, "img_name": "IMG_7409", "width": 2390, "height": 1593, "position": [1.4583334980213352, 3.2425684819223166, 2.3870494940796823], "rotation": [[0.7388263885684341, 0.26354878301559426, -0.620223835825361], [-0.34640447161884674, -0.6409284150218225, -0.6849924881778497], [-0.5780480166884, 0.720938836371445, -0.3822403492751565]], "fy": 2299.622347394985, "fx": 2299.622347394985}, {"id": 36, "img_name": "IMG_7410", "width": 2390, "height": 1593, "position": [1.4997155631230252, 3.2131667540391353, 2.428801918789964], "rotation": [[0.7252805120678516, 0.28383878197668067, -0.6272190404161766], [-0.3222367470559381, -0.6651370195046288, -0.6736142992331045], [-0.6083844653353687, 0.6906723471592686, -0.3909476323091165]], "fy": 2299.622347394985, "fx": 2299.622347394985}, {"id": 37, "img_name": "IMG_7411", "width": 2390, "height": 1593, "position": [1.5806298175054772, 3.07170595255232, 2.5450389288813935], "rotation": [[0.6876803974364063, 0.3806272810496452, -0.618238258200235], [-0.2339348167466051, -0.6899653233981293, -0.6849980686263625], [-0.6872919121417321, 0.6156871977139601, -0.38543365457065676]], "fy": 2299.622347394985, "fx": 2299.622347394985}, {"id": 38, "img_name": "IMG_7412", "width": 2390, "height": 1593, "position": [-1.8594636804655993, -1.5606630788467697, -3.4703571672123794], "rotation": [[0.0046143682565255185, -0.9973799321580218, 0.07219403392284555], [0.9493016094365734, 0.02706248530739917, 0.3131997385217914], [-0.3143328839410933, 0.06708869366328879, 0.9469392510904957]], "fy": 2299.622347394985, "fx": 2299.622347394985}, {"id": 39, "img_name": "IMG_7413", "width": 2390, "height": 1593, "position": [-1.840653843397065, -1.6735142646244279, -3.3618014183730565], "rotation": [[-0.00526914800048169, -0.9973277767260215, 0.07286660311885203], [0.9432449137698887, 0.019239520039546727, 0.33154015370069906], [-0.3320561228566405, 0.07047798691349771, 0.9406229768797042]], "fy": 2299.622347394985, "fx": 2299.622347394985}, {"id": 40, "img_name": "IMG_7414", "width": 2390, "height": 1593, "position": [-1.8500103676573876, -1.8458431453710533, -3.233313953488704], "rotation": [[-0.01762452096057295, -0.9976318888981041, 0.06648300921672262], [0.9294600140066513, 0.008159137554902803, 0.36883263255454407], [-0.36850163991991336, 0.06829379714118025, 0.9271151485378577]], "fy": 2299.622347394985, "fx": 2299.622347394985}, {"id": 41, "img_name": "IMG_7415", "width": 2390, "height": 1593, "position": [-1.8525165064429836, -2.0667992833731836, -3.1726205834813013], "rotation": [[-0.031042620526645956, -0.997549134387641, 0.06270630106541748], [0.9150802939412324, -0.0031272391268332305, 0.403259564072412], [-0.4020751314757812, 0.06989953403215018, 0.9129346328137746]], "fy": 2299.622347394985, "fx": 2299.622347394985}, {"id": 42, "img_name": "IMG_7416", "width": 2390, "height": 1593, "position": [-1.8502330188739846, -2.330404304864255, -3.1446021077858997], "rotation": [[-0.04594200872872175, -0.9966790461613227, 0.06723251279645613], [0.9039201913928969, -0.01282802324164764, 0.42750874776072134], [-0.42522655070703, 0.08041343645602608, 0.9015076593191732]], "fy": 2299.622347394985, "fx": 2299.622347394985}, {"id": 43, "img_name": "IMG_7417", "width": 2390, "height": 1593, "position": [-1.8351901550530094, -2.5549128137672, -3.0736502824210996], "rotation": [[-0.0636996078512419, -0.994357091448301, 0.084831212687744], [0.8771920999507392, -0.015252595427110294, 0.4798972578758387], [-0.4758953453687169, 0.10498253673450714, 0.8732137694958649]], "fy": 2299.622347394985, "fx": 2299.622347394985}, {"id": 44, "img_name": "IMG_7418", "width": 2390, "height": 1593, "position": [-1.8397263763544174, -2.811799496808015, -2.9107098004898235], "rotation": [[-0.08205576933339395, -0.9928241296434104, 0.0869890701002668], [0.8569456807415312, -0.025723042656529492, 0.5147644367425975], [-0.5088329303195088, 0.11678429977653114, 0.852907073688668]], "fy": 2299.622347394985, "fx": 2299.622347394985}, {"id": 45, "img_name": "IMG_7419", "width": 2390, "height": 1593, "position": [-1.7730075261964413, -3.069081044229166, -2.687144797113441], "rotation": [[-0.11030090173772254, -0.9900563050606324, 0.08730534855055205], [0.8310071301644467, -0.043680515325801146, 0.5545441030222237], [-0.5452163430159587, 0.13371808176368874, 0.8275618489984563]], "fy": 2299.622347394985, "fx": 2299.622347394985}, {"id": 46, "img_name": "IMG_7420", "width": 2390, "height": 1593, "position": [-1.7653811367763468, -3.292361113947505, -2.4309575357207405], "rotation": [[-0.1353607189753489, -0.9879980992278559, 0.07441257743567266], [0.802654621935178, -0.06531580427811959, 0.5928569841012238], [-0.5808812560623495, 0.13997714682635076, 0.8018624350359488]], "fy": 2299.622347394985, "fx": 2299.622347394985}, {"id": 47, "img_name": "IMG_7421", "width": 2390, "height": 1593, "position": [-1.7235087505348896, -3.379358860381643, -2.1858759826175276], "rotation": [[-0.19900271332989686, -0.9787337686119348, 0.04978082227142002], [0.7168150394155718, -0.1107331812365066, 0.6884143823605775], [-0.6682620139997419, 0.17267997206370753, 0.7236072884466311]], "fy": 2299.622347394985, "fx": 2299.622347394985}, {"id": 48, "img_name": "IMG_7422", "width": 2390, "height": 1593, "position": [-1.6867871297850612, -3.533940370466457, -1.965464469236436], "rotation": [[-0.24164499721216068, -0.9699431139194963, 0.02860159230682145], [0.6413156122908601, -0.1375139302836107, 0.7548537635926267], [-0.7282320926424031, 0.20074928328167216, 0.6552692152906018]], "fy": 2299.622347394985, "fx": 2299.622347394985}, {"id": 49, "img_name": "IMG_7423", "width": 2390, "height": 1593, "position": [-1.6287727171920616, -3.7038776316565913, -1.7383810545756764], "rotation": [[-0.27830384656274265, -0.9603069417416118, 0.018908903491569214], [0.568983347285072, -0.14897091776369575, 0.8087432325360854], [-0.7738248635839092, 0.2358352036985028, 0.587857837572852]], "fy": 2299.622347394985, "fx": 2299.622347394985}, {"id": 50, "img_name": "IMG_7424", "width": 2390, "height": 1593, "position": [-1.5126345690982699, -3.8197007723563514, -1.4878642462944203], "rotation": [[-0.3307888325398523, -0.9436993756742653, 0.003199471663132319], [0.4890894973890222, -0.1685359260743165, 0.8557961820235155], [-0.807075096760317, 0.2846526479312536, 0.5173032555620066]], "fy": 2299.622347394985, "fx": 2299.622347394985}, {"id": 51, "img_name": "IMG_7425", "width": 2390, "height": 1593, "position": [-1.4995527181499457, -3.99628779044789, -1.2338651578290534], "rotation": [[-0.353338295223582, -0.9354929646614146, -0.0022275990415986735], [0.473067277704031, -0.18073211362744376, 0.8622895417836484], [-0.8070683985228204, 0.30362611246853277, 0.5064106870249243]], "fy": 2299.622347394985, "fx": 2299.622347394985}, {"id": 52, "img_name": "IMG_7426", "width": 2390, "height": 1593, "position": [-1.5461268689427183, -4.17870571052964, -0.9852240038243394], "rotation": [[-0.35996829436632405, -0.9327629749538773, -0.0193922563460644], [0.4588900646885148, -0.19511406217844474, 0.866804713456495], [-0.8123070451382101, 0.3031233004825232, 0.49827053808489635]], "fy": 2299.622347394985, "fx": 2299.622347394985}, {"id": 53, "img_name": "IMG_7427", "width": 2390, "height": 1593, "position": [-1.380848108634374, -4.280586075869344, -0.4566502724008518], "rotation": [[-0.3987095623717246, -0.9157008292857205, -0.050226249300451074], [0.3427930898931695, -0.19960727876574616, 0.917959602479993], [-0.8506018941871932, 0.34878206018827423, 0.39348124745149166]], "fy": 2299.622347394985, "fx": 2299.622347394985}, {"id": 54, "img_name": "IMG_7428", "width": 2390, "height": 1593, "position": [-1.227507178204239, -4.262189588639179, -0.1601521279078645], "rotation": [[-0.44808662977365543, -0.8904663991925788, -0.07929668421245659], [0.22981268895074566, -0.20045184604307345, 0.952368198448033], [-0.8639470471130247, 0.4085200721224442, 0.2944602697440831]], "fy": 2299.622347394985, "fx": 2299.622347394985}, {"id": 55, "img_name": "IMG_7429", "width": 2390, "height": 1593, "position": [-1.2193120077526678, -4.314713347794671, 0.06864874795358085], "rotation": [[-0.440646689369589, -0.8935725601493372, -0.0857821362276523], [0.24478996656780075, -0.21154893924034365, 0.9462161056407885], [-0.8636598678967059, 0.39594838811951755, 0.3119559368407665]], "fy": 2299.622347394985, "fx": 2299.622347394985}, {"id": 56, "img_name": "IMG_7430", "width": 2490, "height": 1624, "position": [-1.3542932510377204, -1.3072528475454812, -1.3167586374773614], "rotation": [[0.0037301314744599395, -0.9996520653623174, 0.02611195772124673], [0.9170867774563616, 0.013829915866618922, 0.3984477080393712], [-0.3986702004588366, 0.022460668822970875, 0.916819278605187]], "fy": 1207.6322467588532, "fx": 1207.632246758853}, {"id": 57, "img_name": "IMG_7431", "width": 2490, "height": 1624, "position": [-1.3674863347650401, -1.3464772493424353, -1.2637286678975799], "rotation": [[-0.004739112806365036, -0.999714882035524, 0.023402893977170155], [0.9072270014045135, 0.005545500050510111, 0.4206048208850733], [-0.4206146796444262, 0.023225031020171198, 0.9069420539382486]], "fy": 1207.6322467588532, "fx": 1207.632246758853}, {"id": 58, "img_name": "IMG_7432", "width": 2490, "height": 1624, "position": [-1.3837875396856898, -1.4693951562451404, -1.2049559490431514], "rotation": [[-0.015450823834400853, -0.9997128124127517, 0.018318426259492863], [0.8909082646650063, -0.005447506402914442, 0.45415062327996086], [-0.453920407113874, 0.02333703862482081, 0.890736575331786]], "fy": 1207.6322467588532, "fx": 1207.632246758853}, {"id": 59, "img_name": "IMG_7433", "width": 2490, "height": 1624, "position": [-1.3569454637034384, -1.6577134136406673, -1.1548541339711442], "rotation": [[-0.026877050895178802, -0.999306232684965, 0.025781339223560077], [0.8653178340538096, -0.010344906683005294, 0.5011167817726155], [-0.5005024177799756, 0.03577759386406838, 0.8649955454068515]], "fy": 1207.6322467588532, "fx": 1207.632246758853}, {"id": 60, "img_name": "IMG_7434", "width": 2490, "height": 1624, "position": [-1.3346650013040287, -1.8844963356713411, -1.1001174585808309], "rotation": [[-0.05827068566326551, -0.9976322933087716, 0.036528544178676736], [0.8362977646373213, -0.028799776070558957, 0.5475186040317762], [-0.5451702266769087, 0.06245302431240875, 0.8359958395227103]], "fy": 1207.6322467588532, "fx": 1207.632246758853}, {"id": 61, "img_name": "IMG_7435", "width": 2490, "height": 1624, "position": [-1.3480929337224974, -2.100639039382002, -0.983698483413188], "rotation": [[-0.08055713585376445, -0.99610394629786, 0.03588141626062058], [0.8009861901671567, -0.043268317456059684, 0.597117221210396], [-0.5932382919405502, 0.0768425720180646, 0.8013510766830648]], "fy": 1207.6322467588532, "fx": 1207.632246758853}, {"id": 62, "img_name": "IMG_7436", "width": 2490, "height": 1624, "position": [-1.3762014008444303, -2.342347330472587, -0.7917712211214517], "rotation": [[-0.09408298209202019, -0.9949733847165139, 0.034298049309490417], [0.7668694534408123, -0.050458542246193394, 0.6398165181470221], [-0.6348697770882326, 0.08649797234706014, 0.7677619858522464]], "fy": 1207.6322467588532, "fx": 1207.632246758853}, {"id": 63, "img_name": "IMG_7437", "width": 2490, "height": 1624, "position": [-1.387817227799043, -2.51212009814414, -0.5767697767243919], "rotation": [[-0.12130216904689235, -0.992070160987787, 0.03290257531235427], [0.7237886696152763, -0.06571798059105681, 0.6868850768240505], [-0.6792758979391713, 0.10713516091694399, 0.7260208755774403]], "fy": 1207.6322467588532, "fx": 1207.632246758853}, {"id": 64, "img_name": "IMG_7438", "width": 2490, "height": 1624, "position": [-1.3547987219986775, -2.627578241903596, -0.4212834996917361], "rotation": [[-0.15556835478545486, -0.9873799738197545, 0.02965255956991526], [0.6733289574464649, -0.08402774718065818, 0.7345525527610668], [-0.7227908425356561, 0.13423905915732554, 0.6779035867607963]], "fy": 1207.6322467588532, "fx": 1207.632246758853}, {"id": 65, "img_name": "IMG_7439", "width": 2490, "height": 1624, "position": [-1.3333241537988312, -2.7699856318162763, -0.25772411034150317], "rotation": [[-0.20129235927938866, -0.979259708226003, 0.023061004766938554], [0.6115711695476784, -0.1072518319097095, 0.783886311355222], [-0.7651549455331396, 0.17189377067577138, 0.620475979332837]], "fy": 1207.6322467588532, "fx": 1207.632246758853}, {"id": 66, "img_name": "IMG_7440", "width": 2490, "height": 1624, "position": [-1.3543399966483158, -2.95376098388698, -0.03918523257044746], "rotation": [[-0.21684695708281063, -0.9762055314349514, 0.0003969883245781764], [0.545375854799069, -0.12080838802352845, 0.8294398774988706], [-0.8096558368875693, 0.1800780213656313, 0.5585958574988976]], "fy": 1207.6322467588532, "fx": 1207.632246758853}, {"id": 67, "img_name": "IMG_7441", "width": 2490, "height": 1624, "position": [-1.3353213839024887, -3.131044765517788, 0.16374923022806467], "rotation": [[-0.23093899667371193, -0.9728540232981622, -0.01490735281388937], [0.49623421837231435, -0.13094889868265103, 0.858256364060424], [-0.8369102582306882, 0.19080732503334166, 0.5130046631190239]], "fy": 1207.6322467588532, "fx": 1207.632246758853}, {"id": 68, "img_name": "IMG_7442", "width": 2490, "height": 1624, "position": [-1.3203740820947838, -3.292551820252103, 0.35111098410608266], "rotation": [[-0.25165748171656793, -0.9674622851950504, -0.02617706288424573], [0.4465810935624612, -0.14007617352153506, 0.8837103555374468], [-0.8586232228216466, 0.21070214127230716, 0.4673015823797662]], "fy": 1207.6322467588532, "fx": 1207.632246758853}, {"id": 69, "img_name": "IMG_7443", "width": 2490, "height": 1624, "position": [-1.2877580008232097, -3.444795511796933, 0.5046950361380653], "rotation": [[-0.29533858831118065, -0.9543844416624747, -0.04388001557616884], [0.37412121938012055, -0.15779020317409403, 0.9138575189775532], [-0.8790952345814929, 0.2534809446386138, 0.4036570069269524]], "fy": 1207.6322467588532, "fx": 1207.632246758853}, {"id": 70, "img_name": "IMG_7444", "width": 2490, "height": 1624, "position": [-1.2394472146375113, -3.5490839188244676, 0.6871496929496402], "rotation": [[-0.32810815351712413, -0.9421733212887289, -0.0682236927126419], [0.2959279865997422, -0.17110473535093712, 0.9397604994292474], [-0.8970906678494688, 0.28815378219320914, 0.33495631277099785]], "fy": 1207.6322467588532, "fx": 1207.632246758853}, {"id": 71, "img_name": "IMG_7445", "width": 2490, "height": 1624, "position": [-1.215620150466656, -3.593169114634405, 0.8633652134873155], "rotation": [[-0.3419787909333216, -0.9349720605177219, -0.09422182657446515], [0.21529106812622958, -0.17555422604085982, 0.9606406558668342], [-0.9147132132733463, 0.3082336123307123, 0.26132695554173063]], "fy": 1207.6322467588532, "fx": 1207.632246758853}, {"id": 72, "img_name": "IMG_7446", "width": 2490, "height": 1624, "position": [-1.1702881371801648, -3.6398614161739244, 0.9882341455351947], "rotation": [[-0.3841833623556247, -0.9155769070685014, -0.11883632160245772], [0.13865661715767516, -0.18447194135830616, 0.9730079369511263], [-0.9127855644167013, 0.35733601846773533, 0.19782184737310954]], "fy": 1207.6322467588532, "fx": 1207.632246758853}, {"id": 73, "img_name": "IMG_7447", "width": 2490, "height": 1624, "position": [-0.14775875420917153, -3.3258527668445033, 2.655579211040597], "rotation": [[-0.35441048522320934, -0.8938241216434092, -0.27472103583860763], [-0.44058511138067225, -0.09951842317480912, 0.8921775849451051], [-0.8247896505131052, 0.4372350889592323, -0.3585352275429603]], "fy": 1207.6322467588532, "fx": 1207.632246758853}, {"id": 74, "img_name": "IMG_7448", "width": 2490, "height": 1624, "position": [-0.14531182162301576, -3.3242370628157625, 2.6925243621121773], "rotation": [[-0.35387860474342075, -0.8903936949826525, -0.286302289617091], [-0.45367641403314674, -0.10427304786347844, 0.885045107799193], [-0.81789219610831, 0.4430871239659302, -0.3670506179271815]], "fy": 1207.6322467588532, "fx": 1207.632246758853}, {"id": 75, "img_name": "IMG_7449", "width": 2490, "height": 1624, "position": [-0.13723200241779773, -3.312448083463378, 2.7491471872854034], "rotation": [[-0.337117446439797, -0.8870713900974025, -0.315366732831116], [-0.5129672928875634, -0.10781478678267305, 0.8516105495933054], [-0.7894405511078814, 0.4488655930472603, -0.4186923639676462]], "fy": 1207.6322467588532, "fx": 1207.632246758853}, {"id": 76, "img_name": "IMG_7450", "width": 2490, "height": 1624, "position": [-0.1121683501032674, -3.2720932630345945, 2.8368996695954327], "rotation": [[-0.3301484450838807, -0.8842396241427886, -0.33033663330686774], [-0.5532737325230004, -0.10226445845875938, 0.8266983473046284], [-0.7647811328143257, 0.45569975601480933, -0.4554641053467113]], "fy": 1207.6322467588532, "fx": 1207.632246758853}, {"id": 77, "img_name": "IMG_7451", "width": 2490, "height": 1624, "position": [-0.05727533257229599, -3.2121172082760068, 2.9547123296010693], "rotation": [[-0.33747573801576586, -0.8766337358532663, -0.34296270848979993], [-0.5955979460623866, -0.0832860513917625, 0.7989533905615739], [-0.7289535053053657, 0.4738952698724836, -0.494014230863348]], "fy": 1207.6322467588532, "fx": 1207.632246758853}, {"id": 78, "img_name": "IMG_7452", "width": 2490, "height": 1624, "position": [0.021133366567033983, -3.109775411855143, 3.0874929589724522], "rotation": [[-0.3403989760256689, -0.8723570408942367, -0.3508870620626054], [-0.6380479802938972, -0.05980887515406655, 0.7676702894444224], [-0.6906687425702381, 0.48519696171251525, -0.5362467681780372]], "fy": 1207.6322467588532, "fx": 1207.632246758853}, {"id": 79, "img_name": "IMG_7453", "width": 2490, "height": 1624, "position": [0.09481193059491762, -3.042603879327729, 3.20782114132645], "rotation": [[-0.3347455666597103, -0.8728899222877723, -0.3549768854025796], [-0.6724383453216367, -0.04262334021499227, 0.7389248423283763], [-0.6601303487514936, 0.48605188451168835, -0.5726966808179244]], "fy": 1207.6322467588532, "fx": 1207.632246758853}, {"id": 80, "img_name": "IMG_7463", "width": 2490, "height": 1624, "position": [1.6520362162552926, -1.6476062478317106, -0.7799192595047775], "rotation": [[0.149227506925146, -0.5692520360514906, -0.8085068154494051], [0.947127528570489, -0.15259235109325422, 0.28224992296153184], [-0.28404329916557275, -0.8078785142823552, 0.5163832979096742]], "fy": 1207.6322467588532, "fx": 1207.632246758853}, {"id": 81, "img_name": "IMG_7464", "width": 2490, "height": 1624, "position": [1.652361628623988, -1.55491195875497, -0.816653126935232], "rotation": [[0.12447030647322133, -0.5644312101007551, -0.8160420037416328], [0.9577321468993357, -0.14661694051829596, 0.24749264140301858], [-0.25933815300115637, -0.8123551451288109, 0.5223244591063084]], "fy": 1207.6322467588532, "fx": 1207.632246758853}, {"id": 82, "img_name": "IMG_7465", "width": 2490, "height": 1624, "position": [1.6925983963143802, -1.3380634192190686, -0.8152660329917787], "rotation": [[0.06398731519711308, -0.5570609937245603, -0.8280028217128675], [0.9713572475606046, -0.1554983463613309, 0.179681278630741], [-0.22884650118660702, -0.8157838644821904, 0.5311553118864117]], "fy": 1207.6322467588532, "fx": 1207.632246758853}, {"id": 83, "img_name": "IMG_7466", "width": 2490, "height": 1624, "position": [1.759099033995855, -1.047907469880424, -0.776779454341519], "rotation": [[0.004655387900253834, -0.5535832286443063, -0.8327808453172081], [0.979669416928637, -0.16450517699066566, 0.11482978828672383], [-0.20056460529765027, -0.8163845023682255, 0.5415627234169487]], "fy": 1207.6322467588532, "fx": 1207.632246758853}, {"id": 84, "img_name": "IMG_7467", "width": 2490, "height": 1624, "position": [1.7998165804026574, -0.7039082093932955, -0.7912193508203624], "rotation": [[-0.04701487788024247, -0.5468342520414294, -0.8359197940306209], [0.9825470959070728, -0.17609409297781897, 0.05993391980253351], [-0.17997445813915694, -0.8185127801156249, 0.5455694485626073]], "fy": 1207.6322467588532, "fx": 1207.632246758853}, {"id": 85, "img_name": "IMG_7468", "width": 2490, "height": 1624, "position": [1.8041729453886555, -0.36628080914806804, -0.8150885419428863], "rotation": [[-0.11781843062263463, -0.5356224372016001, -0.8361981955085992], [0.9817299741587083, -0.18952528363645627, -0.01692408641146117], [-0.14941577976894296, -0.8229148021689358, 0.5481661729141082]], "fy": 1207.6322467588532, "fx": 1207.632246758853}, {"id": 86, "img_name": "IMG_7469", "width": 2490, "height": 1624, "position": [1.7439224814537062, -0.02514218662359046, -0.8199709984475163], "rotation": [[-0.1764160606679675, -0.5249976769885117, -0.8326192483332714], [0.976660035476907, -0.1986562873766131, -0.08167529974225289], [-0.12252570604017096, -0.8275947792503326, 0.5477904094787996]], "fy": 1207.6322467588532, "fx": 1207.632246758853}, {"id": 87, "img_name": "IMG_7470", "width": 2490, "height": 1624, "position": [1.7221194965262852, 0.26228527408942537, -0.7945368673967034], "rotation": [[-0.24985005992915826, -0.5216295868758388, -0.8157680562814024], [0.9646098035340223, -0.2074165483265555, -0.1628075624974227], [-0.08427855290315905, -0.8275753437458361, 0.5549920503435254]], "fy": 1207.6322467588532, "fx": 1207.632246758853}, {"id": 88, "img_name": "IMG_7471", "width": 2490, "height": 1624, "position": [1.7161198212890845, 0.44088640083335573, -0.7720863903700035], "rotation": [[-0.3359642917976045, -0.5143707174830072, -0.7890188588576004], [0.9413890152092534, -0.21027960937625326, -0.2637597541777777], [-0.03024428343150833, -0.8313875455385329, 0.5548693832273758]], "fy": 1207.6322467588532, "fx": 1207.632246758853}, {"id": 89, "img_name": "IMG_7472", "width": 2490, "height": 1624, "position": [1.6669872004320772, 0.623654972448849, -0.7183699922803938], "rotation": [[-0.36759329883933806, -0.5158261033351313, -0.7738207788412683], [0.9298835343237235, -0.21625704675574292, -0.2975726840993713], [-0.013848438252486911, -0.8289489253546194, 0.5591528412799032]], "fy": 1207.6322467588532, "fx": 1207.632246758853}, {"id": 90, "img_name": "IMG_7473", "width": 2490, "height": 1624, "position": [1.5820859746030267, 0.8167272537923915, -0.6818802144744509], "rotation": [[-0.4348994421179307, -0.5152220248370464, -0.7385179350349771], [0.8999402689820899, -0.22031917039240523, -0.3762538709728394], [0.031144622488584666, -0.8282546276842746, 0.5594857319088907]], "fy": 1207.6322467588532, "fx": 1207.632246758853}, {"id": 91, "img_name": "IMG_7474", "width": 2490, "height": 1624, "position": [1.4841096483422196, 1.0540599619758786, -0.6992428122516265], "rotation": [[-0.5091326457146238, -0.5080148656685488, -0.6947696347188709], [0.8575487789463677, -0.2305336455705916, -0.4598525089499089], [0.07344413383804332, -0.8299247764223566, 0.5530197326362603]], "fy": 1207.6322467588532, "fx": 1207.632246758853}, {"id": 92, "img_name": "IMG_7475", "width": 2490, "height": 1624, "position": [1.4032302019003091, 1.2932093745887334, -0.7045169425760593], "rotation": [[-0.5445655390680791, -0.49914365212368433, -0.6740207624429103], [0.8352631220895644, -0.2498800094212259, -0.48979127980073367], [0.07605189370873504, -0.8297081387067852, 0.5529923272768231]], "fy": 1207.6322467588532, "fx": 1207.632246758853}, {"id": 93, "img_name": "IMG_7476", "width": 2490, "height": 1624, "position": [1.1791543906142319, 2.1730270317356184, 2.228931966400614], "rotation": [[0.314829015702926, -0.542439479608485, -0.778872327043144], [-0.8573207417565759, 0.18960972678931318, -0.4785909498317287], [0.4072883949064605, 0.8184177188141507, -0.4053499733632172]], "fy": 1207.6322467588532, "fx": 1207.632246758853}, {"id": 94, "img_name": "IMG_7477", "width": 2490, "height": 1624, "position": [1.1650082369256765, 1.9993313602888438, 2.3530226070487394], "rotation": [[0.2759684973319646, -0.5403551303419316, -0.7948947864928361], [-0.8808723971403546, 0.18872029239734536, -0.43410652056110066], [0.3845844620321293, 0.8200006002135696, -0.42390306346244166]], "fy": 1207.6322467588532, "fx": 1207.632246758853}, {"id": 95, "img_name": "IMG_7478", "width": 2490, "height": 1624, "position": [1.1636066970523566, 1.8245932664836098, 2.440961430233098], "rotation": [[0.24082313901776517, -0.5340791540076084, -0.810409571123236], [-0.9080464921057733, 0.17085958254822742, -0.3824376697265126], [0.342718228123381, 0.8279894083295767, -0.4438217613028987]], "fy": 1207.6322467588532, "fx": 1207.632246758853}, {"id": 96, "img_name": "IMG_7479", "width": 2490, "height": 1624, "position": [1.184534498334005, 1.5821653651112533, 2.5019030790516816], "rotation": [[0.2261045963759819, -0.5183794764895994, -0.8247177880050985], [-0.9225859924248635, 0.15772665956339127, -0.35207582627099476], [0.31258886429155447, 0.8404790415098656, -0.44258692107152575]], "fy": 1207.6322467588532, "fx": 1207.632246758853}, {"id": 97, "img_name": "IMG_7480", "width": 2490, "height": 1624, "position": [1.2731789680422383, 1.3501686751565067, 2.558500868375884], "rotation": [[0.21661825154113662, -0.497093332004753, -0.8402230372797886], [-0.9377789574841646, 0.1332949150585726, -0.3206292134529242], [0.2713801024378425, 0.857397623565601, -0.4372895552204346]], "fy": 1207.6322467588532, "fx": 1207.632246758853}, {"id": 98, "img_name": "IMG_7481", "width": 2490, "height": 1624, "position": [1.3219063838331238, 1.1246636904921519, 2.6615082572254734], "rotation": [[0.19439943737616092, -0.4643377100352299, -0.8640598068346141], [-0.9528260313275666, 0.11992804176034634, -0.2788186127647991], [0.23309099676390443, 0.8775008580273679, -0.41911911360476223]], "fy": 1207.6322467588532, "fx": 1207.632246758853}, {"id": 99, "img_name": "IMG_7482", "width": 2490, "height": 1624, "position": [1.3271561392428115, 0.8573160206893131, 2.729512701898848], "rotation": [[0.16121667316817834, -0.4090661979032139, -0.898150338209363], [-0.9690642041569201, 0.10671078933670125, -0.22254746833170894], [0.18687897825678415, 0.906243